iteration=1
(0,0,0):-1=[10.0]
(0,0,1):RECHARGE=[-0.25]
(0,0,2):RECHARGE=[-0.25]
(0,0,3):RECHARGE=[-0.25]
(0,0,4):RECHARGE=[-0.25]
(0,1,0):-1=[10.0]
(0,1,1):RECHARGE=[-0.25]
(0,1,2):RECHARGE=[-0.25]
(0,1,3):RECHARGE=[-0.25]
(0,1,4):RECHARGE=[-0.25]
(0,2,0):-1=[10.0]
(0,2,1):RECHARGE=[-0.25]
(0,2,2):RECHARGE=[-0.25]
(0,2,3):RECHARGE=[-0.25]
(0,2,4):RECHARGE=[-0.25]
(0,3,0):-1=[10.0]
(0,3,1):RECHARGE=[-0.25]
(0,3,2):RECHARGE=[-0.25]
(0,3,3):RECHARGE=[-0.25]
(0,3,4):RECHARGE=[-0.25]
(1,0,0):-1=[10.0]
(1,0,1):RECHARGE=[-0.25]
(1,0,2):RECHARGE=[-0.25]
(1,0,3):RECHARGE=[-0.25]
(1,0,4):RECHARGE=[-0.25]
(1,1,0):-1=[10.0]
(1,1,1):SHOOT=[0.25]
(1,1,2):RECHARGE=[-0.25]
(1,1,3):RECHARGE=[-0.25]
(1,1,4):RECHARGE=[-0.25]
(1,2,0):-1=[10.0]
(1,2,1):SHOOT=[0.25]
(1,2,2):RECHARGE=[-0.25]
(1,2,3):RECHARGE=[-0.25]
(1,2,4):RECHARGE=[-0.25]
(1,3,0):-1=[10.0]
(1,3,1):SHOOT=[0.25]
(1,3,2):RECHARGE=[-0.25]
(1,3,3):RECHARGE=[-0.25]
(1,3,4):RECHARGE=[-0.25]
(2,0,0):-1=[10.0]
(2,0,1):RECHARGE=[-0.25]
(2,0,2):RECHARGE=[-0.25]
(2,0,3):RECHARGE=[-0.25]
(2,0,4):RECHARGE=[-0.25]
(2,1,0):-1=[10.0]
(2,1,1):SHOOT=[0.25]
(2,1,2):RECHARGE=[-0.25]
(2,1,3):RECHARGE=[-0.25]
(2,1,4):RECHARGE=[-0.25]
(2,2,0):-1=[10.0]
(2,2,1):SHOOT=[0.25]
(2,2,2):RECHARGE=[-0.25]
(2,2,3):RECHARGE=[-0.25]
(2,2,4):RECHARGE=[-0.25]
(2,3,0):-1=[10.0]
(2,3,1):SHOOT=[0.25]
(2,3,2):RECHARGE=[-0.25]
(2,3,3):RECHARGE=[-0.25]
(2,3,4):RECHARGE=[-0.25]
iteration=2
(0,0,0):-1=[10.0]
(0,0,1):SHOOT=[-0.25]
(0,0,2):SHOOT=[-0.25]
(0,0,3):SHOOT=[-0.25]
(0,0,4):SHOOT=[-0.25]
(0,1,0):-1=[10.0]
(0,1,1):RECHARGE=[-0.235]
(0,1,2):SHOOT=[-0.25]
(0,1,3):SHOOT=[-0.25]
(0,1,4):SHOOT=[-0.25]
(0,2,0):-1=[10.0]
(0,2,1):RECHARGE=[-0.235]
(0,2,2):SHOOT=[-0.25]
(0,2,3):SHOOT=[-0.25]
(0,2,4):SHOOT=[-0.25]
(0,3,0):-1=[10.0]
(0,3,1):RECHARGE=[-0.235]
(0,3,2):SHOOT=[-0.25]
(0,3,3):SHOOT=[-0.25]
(0,3,4):SHOOT=[-0.25]
(1,0,0):-1=[10.0]
(1,0,1):SHOOT=[-0.25]
(1,0,2):SHOOT=[-0.25]
(1,0,3):SHOOT=[-0.25]
(1,0,4):SHOOT=[-0.25]
(1,1,0):-1=[10.0]
(1,1,1):SHOOT=[0.238]
(1,1,2):DODGE=[-0.25]
(1,1,3):DODGE=[-0.25]
(1,1,4):DODGE=[-0.25]
(1,2,0):-1=[10.0]
(1,2,1):SHOOT=[0.238]
(1,2,2):DODGE=[-0.25]
(1,2,3):DODGE=[-0.25]
(1,2,4):DODGE=[-0.25]
(1,3,0):-1=[10.0]
(1,3,1):SHOOT=[0.238]
(1,3,2):DODGE=[-0.25]
(1,3,3):DODGE=[-0.25]
(1,3,4):DODGE=[-0.25]
(2,0,0):-1=[10.0]
(2,0,1):RECHARGE=[-0.25]
(2,0,2):RECHARGE=[-0.25]
(2,0,3):RECHARGE=[-0.25]
(2,0,4):RECHARGE=[-0.25]
(2,1,0):-1=[10.0]
(2,1,1):SHOOT=[0.238]
(2,1,2):RECHARGE=[-0.25]
(2,1,3):RECHARGE=[-0.25]
(2,1,4):RECHARGE=[-0.25]
(2,2,0):-1=[10.0]
(2,2,1):SHOOT=[0.263]
(2,2,2):RECHARGE=[-0.25]
(2,2,3):RECHARGE=[-0.25]
(2,2,4):RECHARGE=[-0.25]
(2,3,0):-1=[10.0]
(2,3,1):SHOOT=[0.263]
(2,3,2):RECHARGE=[-0.25]
(2,3,3):RECHARGE=[-0.25]
(2,3,4):RECHARGE=[-0.25]
iteration=3
(0,0,0):-1=[10.0]
(0,0,1):SHOOT=[-0.25]
(0,0,2):SHOOT=[-0.25]
(0,0,3):SHOOT=[-0.25]
(0,0,4):SHOOT=[-0.25]
(0,1,0):-1=[10.0]
(0,1,1):RECHARGE=[-0.236]
(0,1,2):SHOOT=[-0.25]
(0,1,3):SHOOT=[-0.25]
(0,1,4):SHOOT=[-0.25]
(0,2,0):-1=[10.0]
(0,2,1):RECHARGE=[-0.236]
(0,2,2):SHOOT=[-0.25]
(0,2,3):SHOOT=[-0.25]
(0,2,4):SHOOT=[-0.25]
(0,3,0):-1=[10.0]
(0,3,1):RECHARGE=[-0.236]
(0,3,2):SHOOT=[-0.25]
(0,3,3):SHOOT=[-0.25]
(0,3,4):SHOOT=[-0.25]
(1,0,0):-1=[10.0]
(1,0,1):SHOOT=[-0.25]
(1,0,2):SHOOT=[-0.25]
(1,0,3):SHOOT=[-0.25]
(1,0,4):SHOOT=[-0.25]
(1,1,0):-1=[10.0]
(1,1,1):SHOOT=[0.238]
(1,1,2):DODGE=[-0.25]
(1,1,3):DODGE=[-0.25]
(1,1,4):DODGE=[-0.25]
(1,2,0):-1=[10.0]
(1,2,1):SHOOT=[0.238]
(1,2,2):DODGE=[-0.25]
(1,2,3):DODGE=[-0.25]
(1,2,4):DODGE=[-0.25]
(1,3,0):-1=[10.0]
(1,3,1):SHOOT=[0.238]
(1,3,2):DODGE=[-0.25]
(1,3,3):DODGE=[-0.25]
(1,3,4):DODGE=[-0.25]
(2,0,0):-1=[10.0]
(2,0,1):RECHARGE=[-0.25]
(2,0,2):RECHARGE=[-0.25]
(2,0,3):RECHARGE=[-0.25]
(2,0,4):RECHARGE=[-0.25]
(2,1,0):-1=[10.0]
(2,1,1):SHOOT=[0.238]
(2,1,2):RECHARGE=[-0.25]
(2,1,3):RECHARGE=[-0.25]
(2,1,4):RECHARGE=[-0.25]
(2,2,0):-1=[10.0]
(2,2,1):SHOOT=[0.262]
(2,2,2):RECHARGE=[-0.25]
(2,2,3):RECHARGE=[-0.25]
(2,2,4):RECHARGE=[-0.25]
(2,3,0):-1=[10.0]
(2,3,1):SHOOT=[0.262]
(2,3,2):RECHARGE=[-0.25]
(2,3,3):RECHARGE=[-0.25]
(2,3,4):RECHARGE=[-0.25]
