iteration=1
(0,0,0):-1=[10.0]
(0,0,1):RECHARGE=[-0.247]
(0,0,2):RECHARGE=[-0.247]
(0,0,3):RECHARGE=[-0.247]
(0,0,4):RECHARGE=[-0.247]
(0,1,0):-1=[10.0]
(0,1,1):RECHARGE=[-0.247]
(0,1,2):RECHARGE=[-0.247]
(0,1,3):RECHARGE=[-0.247]
(0,1,4):RECHARGE=[-0.247]
(0,2,0):-1=[10.0]
(0,2,1):RECHARGE=[-0.247]
(0,2,2):RECHARGE=[-0.247]
(0,2,3):RECHARGE=[-0.247]
(0,2,4):RECHARGE=[-0.247]
(0,3,0):-1=[10.0]
(0,3,1):RECHARGE=[-0.247]
(0,3,2):RECHARGE=[-0.247]
(0,3,3):RECHARGE=[-0.247]
(0,3,4):RECHARGE=[-0.247]
(1,0,0):-1=[10.0]
(1,0,1):RECHARGE=[-0.247]
(1,0,2):RECHARGE=[-0.247]
(1,0,3):RECHARGE=[-0.247]
(1,0,4):RECHARGE=[-0.247]
(1,1,0):-1=[10.0]
(1,1,1):SHOOT=[4.702]
(1,1,2):RECHARGE=[-0.247]
(1,1,3):RECHARGE=[-0.247]
(1,1,4):RECHARGE=[-0.247]
(1,2,0):-1=[10.0]
(1,2,1):SHOOT=[4.702]
(1,2,2):RECHARGE=[-0.247]
(1,2,3):RECHARGE=[-0.247]
(1,2,4):RECHARGE=[-0.247]
(1,3,0):-1=[10.0]
(1,3,1):SHOOT=[4.702]
(1,3,2):RECHARGE=[-0.247]
(1,3,3):RECHARGE=[-0.247]
(1,3,4):RECHARGE=[-0.247]
(2,0,0):-1=[10.0]
(2,0,1):RECHARGE=[-0.247]
(2,0,2):RECHARGE=[-0.247]
(2,0,3):RECHARGE=[-0.247]
(2,0,4):RECHARGE=[-0.247]
(2,1,0):-1=[10.0]
(2,1,1):SHOOT=[4.702]
(2,1,2):RECHARGE=[-0.247]
(2,1,3):RECHARGE=[-0.247]
(2,1,4):RECHARGE=[-0.247]
(2,2,0):-1=[10.0]
(2,2,1):SHOOT=[4.702]
(2,2,2):RECHARGE=[-0.247]
(2,2,3):RECHARGE=[-0.247]
(2,2,4):RECHARGE=[-0.247]
(2,3,0):-1=[10.0]
(2,3,1):SHOOT=[4.702]
(2,3,2):RECHARGE=[-0.247]
(2,3,3):RECHARGE=[-0.247]
(2,3,4):RECHARGE=[-0.247]
iteration=2
(0,0,0):-1=[10.0]
(0,0,1):SHOOT=[-0.247]
(0,0,2):SHOOT=[-0.247]
(0,0,3):SHOOT=[-0.247]
(0,0,4):SHOOT=[-0.247]
(0,1,0):-1=[10.0]
(0,1,1):RECHARGE=[1.2]
(0,1,2):SHOOT=[-0.247]
(0,1,3):SHOOT=[-0.247]
(0,1,4):SHOOT=[-0.247]
(0,2,0):-1=[10.0]
(0,2,1):RECHARGE=[1.2]
(0,2,2):SHOOT=[-0.247]
(0,2,3):SHOOT=[-0.247]
(0,2,4):SHOOT=[-0.247]
(0,3,0):-1=[10.0]
(0,3,1):RECHARGE=[1.2]
(0,3,2):SHOOT=[-0.247]
(0,3,3):SHOOT=[-0.247]
(0,3,4):SHOOT=[-0.247]
(1,0,0):-1=[10.0]
(1,0,1):SHOOT=[-0.247]
(1,0,2):SHOOT=[-0.247]
(1,0,3):SHOOT=[-0.247]
(1,0,4):SHOOT=[-0.247]
(1,1,0):-1=[10.0]
(1,1,1):SHOOT=[4.58]
(1,1,2):DODGE=[-0.493]
(1,1,3):DODGE=[-0.493]
(1,1,4):DODGE=[-0.493]
(1,2,0):-1=[10.0]
(1,2,1):SHOOT=[4.58]
(1,2,2):DODGE=[-0.493]
(1,2,3):DODGE=[-0.493]
(1,2,4):DODGE=[-0.493]
(1,3,0):-1=[10.0]
(1,3,1):SHOOT=[4.58]
(1,3,2):DODGE=[-0.493]
(1,3,3):DODGE=[-0.493]
(1,3,4):DODGE=[-0.493]
(2,0,0):-1=[10.0]
(2,0,1):RECHARGE=[-0.247]
(2,0,2):RECHARGE=[-0.247]
(2,0,3):RECHARGE=[-0.247]
(2,0,4):RECHARGE=[-0.247]
(2,1,0):-1=[10.0]
(2,1,1):SHOOT=[4.58]
(2,1,2):RECHARGE=[-0.493]
(2,1,3):RECHARGE=[-0.493]
(2,1,4):RECHARGE=[-0.493]
(2,2,0):-1=[10.0]
(2,2,1):SHOOT=[7.03]
(2,2,2):SHOOT=[1.958]
(2,2,3):RECHARGE=[-0.493]
(2,2,4):RECHARGE=[-0.493]
(2,3,0):-1=[10.0]
(2,3,1):SHOOT=[7.03]
(2,3,2):SHOOT=[1.958]
(2,3,3):RECHARGE=[-0.493]
(2,3,4):RECHARGE=[-0.493]
iteration=3
(0,0,0):-1=[10.0]
(0,0,1):SHOOT=[-0.247]
(0,0,2):SHOOT=[-0.247]
(0,0,3):SHOOT=[-0.247]
(0,0,4):SHOOT=[-0.247]
(0,1,0):-1=[10.0]
(0,1,1):RECHARGE=[1.39]
(0,1,2):SHOOT=[-0.247]
(0,1,3):SHOOT=[-0.247]
(0,1,4):SHOOT=[-0.247]
(0,2,0):-1=[10.0]
(0,2,1):RECHARGE=[1.39]
(0,2,2):SHOOT=[-0.247]
(0,2,3):SHOOT=[-0.247]
(0,2,4):SHOOT=[-0.247]
(0,3,0):-1=[10.0]
(0,3,1):RECHARGE=[1.39]
(0,3,2):SHOOT=[-0.247]
(0,3,3):SHOOT=[-0.247]
(0,3,4):SHOOT=[-0.247]
(1,0,0):-1=[10.0]
(1,0,1):SHOOT=[-0.247]
(1,0,2):SHOOT=[-0.247]
(1,0,3):SHOOT=[-0.247]
(1,0,4):SHOOT=[-0.247]
(1,1,0):-1=[10.0]
(1,1,1):SHOOT=[4.58]
(1,1,2):DODGE=[-0.493]
(1,1,3):DODGE=[-0.493]
(1,1,4):DODGE=[-0.493]
(1,2,0):-1=[10.0]
(1,2,1):RECHARGE=[5.297]
(1,2,2):RECHARGE=[0.224]
(1,2,3):DODGE=[-0.493]
(1,2,4):DODGE=[-0.493]
(1,3,0):-1=[10.0]
(1,3,1):RECHARGE=[5.297]
(1,3,2):RECHARGE=[0.224]
(1,3,3):DODGE=[-0.493]
(1,3,4):DODGE=[-0.493]
(2,0,0):-1=[10.0]
(2,0,1):RECHARGE=[-0.247]
(2,0,2):RECHARGE=[-0.247]
(2,0,3):RECHARGE=[-0.247]
(2,0,4):RECHARGE=[-0.247]
(2,1,0):-1=[10.0]
(2,1,1):SHOOT=[4.58]
(2,1,2):RECHARGE=[-0.493]
(2,1,3):RECHARGE=[-0.493]
(2,1,4):RECHARGE=[-0.493]
(2,2,0):-1=[10.0]
(2,2,1):SHOOT=[6.97]
(2,2,2):SHOOT=[1.776]
(2,2,3):RECHARGE=[-0.735]
(2,2,4):RECHARGE=[-0.735]
(2,3,0):-1=[10.0]
(2,3,1):SHOOT=[6.97]
(2,3,2):SHOOT=[1.776]
(2,3,3):RECHARGE=[-0.735]
(2,3,4):RECHARGE=[-0.735]
iteration=4
(0,0,0):-1=[10.0]
(0,0,1):SHOOT=[-0.247]
(0,0,2):SHOOT=[-0.247]
(0,0,3):SHOOT=[-0.247]
(0,0,4):SHOOT=[-0.247]
(0,1,0):-1=[10.0]
(0,1,1):RECHARGE=[1.428]
(0,1,2):SHOOT=[-0.247]
(0,1,3):SHOOT=[-0.247]
(0,1,4):SHOOT=[-0.247]
(0,2,0):-1=[10.0]
(0,2,1):RECHARGE=[1.995]
(0,2,2):RECHARGE=[-0.247]
(0,2,3):SHOOT=[-0.247]
(0,2,4):SHOOT=[-0.247]
(0,3,0):-1=[10.0]
(0,3,1):RECHARGE=[1.995]
(0,3,2):RECHARGE=[-0.247]
(0,3,3):SHOOT=[-0.247]
(0,3,4):SHOOT=[-0.247]
(1,0,0):-1=[10.0]
(1,0,1):SHOOT=[-0.247]
(1,0,2):SHOOT=[-0.247]
(1,0,3):SHOOT=[-0.247]
(1,0,4):SHOOT=[-0.247]
(1,1,0):-1=[10.0]
(1,1,1):SHOOT=[4.58]
(1,1,2):DODGE=[-0.493]
(1,1,3):DODGE=[-0.493]
(1,1,4):DODGE=[-0.493]
(1,2,0):-1=[10.0]
(1,2,1):RECHARGE=[5.391]
(1,2,2):RECHARGE=[0.318]
(1,2,3):DODGE=[-0.493]
(1,2,4):DODGE=[-0.493]
(1,3,0):-1=[10.0]
(1,3,1):RECHARGE=[5.391]
(1,3,2):RECHARGE=[0.318]
(1,3,3):DODGE=[-0.493]
(1,3,4):DODGE=[-0.493]
(2,0,0):-1=[10.0]
(2,0,1):RECHARGE=[-0.247]
(2,0,2):RECHARGE=[-0.247]
(2,0,3):RECHARGE=[-0.247]
(2,0,4):RECHARGE=[-0.247]
(2,1,0):-1=[10.0]
(2,1,1):SHOOT=[4.58]
(2,1,2):RECHARGE=[-0.493]
(2,1,3):RECHARGE=[-0.493]
(2,1,4):RECHARGE=[-0.493]
(2,2,0):-1=[10.0]
(2,2,1):SHOOT=[6.97]
(2,2,2):SHOOT=[1.776]
(2,2,3):RECHARGE=[-0.735]
(2,2,4):RECHARGE=[-0.735]
(2,3,0):-1=[10.0]
(2,3,1):SHOOT=[7.324]
(2,3,2):SHOOT=[2.485]
(2,3,3):RECHARGE=[-0.38]
(2,3,4):RECHARGE=[-0.735]
iteration=5
(0,0,0):-1=[10.0]
(0,0,1):SHOOT=[-0.247]
(0,0,2):SHOOT=[-0.247]
(0,0,3):SHOOT=[-0.247]
(0,0,4):SHOOT=[-0.247]
(0,1,0):-1=[10.0]
(0,1,1):RECHARGE=[1.435]
(0,1,2):SHOOT=[-0.247]
(0,1,3):SHOOT=[-0.247]
(0,1,4):SHOOT=[-0.247]
(0,2,0):-1=[10.0]
(0,2,1):RECHARGE=[2.189]
(0,2,2):RECHARGE=[-0.247]
(0,2,3):SHOOT=[-0.247]
(0,2,4):SHOOT=[-0.247]
(0,3,0):-1=[10.0]
(0,3,1):RECHARGE=[2.189]
(0,3,2):RECHARGE=[-0.247]
(0,3,3):SHOOT=[-0.247]
(0,3,4):SHOOT=[-0.247]
(1,0,0):-1=[10.0]
(1,0,1):SHOOT=[-0.247]
(1,0,2):SHOOT=[-0.247]
(1,0,3):SHOOT=[-0.247]
(1,0,4):SHOOT=[-0.247]
(1,1,0):-1=[10.0]
(1,1,1):SHOOT=[4.58]
(1,1,2):DODGE=[-0.493]
(1,1,3):DODGE=[-0.493]
(1,1,4):DODGE=[-0.493]
(1,2,0):-1=[10.0]
(1,2,1):RECHARGE=[5.409]
(1,2,2):RECHARGE=[0.337]
(1,2,3):DODGE=[-0.493]
(1,2,4):DODGE=[-0.493]
(1,3,0):-1=[10.0]
(1,3,1):RECHARGE=[5.69]
(1,3,2):RECHARGE=[0.618]
(1,3,3):DODGE=[-0.493]
(1,3,4):DODGE=[-0.493]
(2,0,0):-1=[10.0]
(2,0,1):RECHARGE=[-0.247]
(2,0,2):RECHARGE=[-0.247]
(2,0,3):RECHARGE=[-0.247]
(2,0,4):RECHARGE=[-0.247]
(2,1,0):-1=[10.0]
(2,1,1):SHOOT=[4.58]
(2,1,2):RECHARGE=[-0.493]
(2,1,3):RECHARGE=[-0.493]
(2,1,4):RECHARGE=[-0.493]
(2,2,0):-1=[10.0]
(2,2,1):SHOOT=[6.97]
(2,2,2):SHOOT=[1.776]
(2,2,3):RECHARGE=[-0.735]
(2,2,4):RECHARGE=[-0.735]
(2,3,0):-1=[10.0]
(2,3,1):SHOOT=[7.371]
(2,3,2):SHOOT=[2.578]
(2,3,3):RECHARGE=[-0.334]
(2,3,4):RECHARGE=[-0.735]
iteration=6
(0,0,0):-1=[10.0]
(0,0,1):SHOOT=[-0.247]
(0,0,2):SHOOT=[-0.247]
(0,0,3):SHOOT=[-0.247]
(0,0,4):SHOOT=[-0.247]
(0,1,0):-1=[10.0]
(0,1,1):RECHARGE=[1.436]
(0,1,2):SHOOT=[-0.247]
(0,1,3):SHOOT=[-0.247]
(0,1,4):SHOOT=[-0.247]
(0,2,0):-1=[10.0]
(0,2,1):RECHARGE=[2.243]
(0,2,2):RECHARGE=[-0.247]
(0,2,3):SHOOT=[-0.247]
(0,2,4):SHOOT=[-0.247]
(0,3,0):-1=[10.0]
(0,3,1):RECHARGE=[2.465]
(0,3,2):RECHARGE=[-0.247]
(0,3,3):SHOOT=[-0.247]
(0,3,4):SHOOT=[-0.247]
(1,0,0):-1=[10.0]
(1,0,1):SHOOT=[-0.247]
(1,0,2):SHOOT=[-0.247]
(1,0,3):SHOOT=[-0.247]
(1,0,4):SHOOT=[-0.247]
(1,1,0):-1=[10.0]
(1,1,1):SHOOT=[4.58]
(1,1,2):DODGE=[-0.493]
(1,1,3):DODGE=[-0.493]
(1,1,4):DODGE=[-0.493]
(1,2,0):-1=[10.0]
(1,2,1):RECHARGE=[5.413]
(1,2,2):RECHARGE=[0.34]
(1,2,3):DODGE=[-0.493]
(1,2,4):DODGE=[-0.493]
(1,3,0):-1=[10.0]
(1,3,1):RECHARGE=[5.786]
(1,3,2):RECHARGE=[0.714]
(1,3,3):DODGE=[-0.493]
(1,3,4):DODGE=[-0.493]
(2,0,0):-1=[10.0]
(2,0,1):RECHARGE=[-0.247]
(2,0,2):RECHARGE=[-0.247]
(2,0,3):RECHARGE=[-0.247]
(2,0,4):RECHARGE=[-0.247]
(2,1,0):-1=[10.0]
(2,1,1):SHOOT=[4.58]
(2,1,2):RECHARGE=[-0.493]
(2,1,3):RECHARGE=[-0.493]
(2,1,4):RECHARGE=[-0.493]
(2,2,0):-1=[10.0]
(2,2,1):SHOOT=[6.97]
(2,2,2):SHOOT=[1.776]
(2,2,3):RECHARGE=[-0.735]
(2,2,4):RECHARGE=[-0.735]
(2,3,0):-1=[10.0]
(2,3,1):SHOOT=[7.38]
(2,3,2):SHOOT=[2.597]
(2,3,3):RECHARGE=[-0.325]
(2,3,4):RECHARGE=[-0.735]
iteration=7
(0,0,0):-1=[10.0]
(0,0,1):SHOOT=[-0.247]
(0,0,2):SHOOT=[-0.247]
(0,0,3):SHOOT=[-0.247]
(0,0,4):SHOOT=[-0.247]
(0,1,0):-1=[10.0]
(0,1,1):RECHARGE=[1.437]
(0,1,2):SHOOT=[-0.247]
(0,1,3):SHOOT=[-0.247]
(0,1,4):SHOOT=[-0.247]
(0,2,0):-1=[10.0]
(0,2,1):RECHARGE=[2.256]
(0,2,2):RECHARGE=[-0.247]
(0,2,3):SHOOT=[-0.247]
(0,2,4):SHOOT=[-0.247]
(0,3,0):-1=[10.0]
(0,3,1):RECHARGE=[2.596]
(0,3,2):RECHARGE=[-0.247]
(0,3,3):SHOOT=[-0.247]
(0,3,4):SHOOT=[-0.247]
(1,0,0):-1=[10.0]
(1,0,1):SHOOT=[-0.247]
(1,0,2):SHOOT=[-0.247]
(1,0,3):SHOOT=[-0.247]
(1,0,4):SHOOT=[-0.247]
(1,1,0):-1=[10.0]
(1,1,1):SHOOT=[4.58]
(1,1,2):DODGE=[-0.493]
(1,1,3):DODGE=[-0.493]
(1,1,4):DODGE=[-0.493]
(1,2,0):-1=[10.0]
(1,2,1):RECHARGE=[5.414]
(1,2,2):RECHARGE=[0.341]
(1,2,3):DODGE=[-0.493]
(1,2,4):DODGE=[-0.493]
(1,3,0):-1=[10.0]
(1,3,1):RECHARGE=[5.813]
(1,3,2):RECHARGE=[0.74]
(1,3,3):DODGE=[-0.493]
(1,3,4):DODGE=[-0.493]
(2,0,0):-1=[10.0]
(2,0,1):RECHARGE=[-0.247]
(2,0,2):RECHARGE=[-0.247]
(2,0,3):RECHARGE=[-0.247]
(2,0,4):RECHARGE=[-0.247]
(2,1,0):-1=[10.0]
(2,1,1):SHOOT=[4.58]
(2,1,2):RECHARGE=[-0.493]
(2,1,3):RECHARGE=[-0.493]
(2,1,4):RECHARGE=[-0.493]
(2,2,0):-1=[10.0]
(2,2,1):SHOOT=[6.97]
(2,2,2):SHOOT=[1.776]
(2,2,3):RECHARGE=[-0.735]
(2,2,4):RECHARGE=[-0.735]
(2,3,0):-1=[10.0]
(2,3,1):SHOOT=[7.382]
(2,3,2):SHOOT=[2.6]
(2,3,3):RECHARGE=[-0.323]
(2,3,4):RECHARGE=[-0.735]
iteration=8
(0,0,0):-1=[10.0]
(0,0,1):SHOOT=[-0.247]
(0,0,2):SHOOT=[-0.247]
(0,0,3):SHOOT=[-0.247]
(0,0,4):SHOOT=[-0.247]
(0,1,0):-1=[10.0]
(0,1,1):RECHARGE=[1.437]
(0,1,2):SHOOT=[-0.247]
(0,1,3):SHOOT=[-0.247]
(0,1,4):SHOOT=[-0.247]
(0,2,0):-1=[10.0]
(0,2,1):RECHARGE=[2.259]
(0,2,2):RECHARGE=[-0.247]
(0,2,3):SHOOT=[-0.247]
(0,2,4):SHOOT=[-0.247]
(0,3,0):-1=[10.0]
(0,3,1):RECHARGE=[2.643]
(0,3,2):RECHARGE=[-0.247]
(0,3,3):SHOOT=[-0.247]
(0,3,4):SHOOT=[-0.247]
(1,0,0):-1=[10.0]
(1,0,1):SHOOT=[-0.247]
(1,0,2):SHOOT=[-0.247]
(1,0,3):SHOOT=[-0.247]
(1,0,4):SHOOT=[-0.247]
(1,1,0):-1=[10.0]
(1,1,1):SHOOT=[4.58]
(1,1,2):DODGE=[-0.493]
(1,1,3):DODGE=[-0.493]
(1,1,4):DODGE=[-0.493]
(1,2,0):-1=[10.0]
(1,2,1):RECHARGE=[5.414]
(1,2,2):RECHARGE=[0.341]
(1,2,3):DODGE=[-0.493]
(1,2,4):DODGE=[-0.493]
(1,3,0):-1=[10.0]
(1,3,1):RECHARGE=[5.819]
(1,3,2):RECHARGE=[0.747]
(1,3,3):DODGE=[-0.493]
(1,3,4):DODGE=[-0.493]
(2,0,0):-1=[10.0]
(2,0,1):RECHARGE=[-0.247]
(2,0,2):RECHARGE=[-0.247]
(2,0,3):RECHARGE=[-0.247]
(2,0,4):RECHARGE=[-0.247]
(2,1,0):-1=[10.0]
(2,1,1):SHOOT=[4.58]
(2,1,2):RECHARGE=[-0.493]
(2,1,3):RECHARGE=[-0.493]
(2,1,4):RECHARGE=[-0.493]
(2,2,0):-1=[10.0]
(2,2,1):SHOOT=[6.97]
(2,2,2):SHOOT=[1.776]
(2,2,3):RECHARGE=[-0.735]
(2,2,4):RECHARGE=[-0.735]
(2,3,0):-1=[10.0]
(2,3,1):SHOOT=[7.382]
(2,3,2):SHOOT=[2.601]
(2,3,3):RECHARGE=[-0.322]
(2,3,4):RECHARGE=[-0.735]
iteration=9
(0,0,0):-1=[10.0]
(0,0,1):SHOOT=[-0.247]
(0,0,2):SHOOT=[-0.247]
(0,0,3):SHOOT=[-0.247]
(0,0,4):SHOOT=[-0.247]
(0,1,0):-1=[10.0]
(0,1,1):RECHARGE=[1.437]
(0,1,2):SHOOT=[-0.247]
(0,1,3):SHOOT=[-0.247]
(0,1,4):SHOOT=[-0.247]
(0,2,0):-1=[10.0]
(0,2,1):RECHARGE=[2.26]
(0,2,2):RECHARGE=[-0.247]
(0,2,3):SHOOT=[-0.247]
(0,2,4):SHOOT=[-0.247]
(0,3,0):-1=[10.0]
(0,3,1):RECHARGE=[2.657]
(0,3,2):RECHARGE=[-0.247]
(0,3,3):SHOOT=[-0.247]
(0,3,4):SHOOT=[-0.247]
(1,0,0):-1=[10.0]
(1,0,1):SHOOT=[-0.247]
(1,0,2):SHOOT=[-0.247]
(1,0,3):SHOOT=[-0.247]
(1,0,4):SHOOT=[-0.247]
(1,1,0):-1=[10.0]
(1,1,1):SHOOT=[4.58]
(1,1,2):DODGE=[-0.493]
(1,1,3):DODGE=[-0.493]
(1,1,4):DODGE=[-0.493]
(1,2,0):-1=[10.0]
(1,2,1):RECHARGE=[5.414]
(1,2,2):RECHARGE=[0.341]
(1,2,3):DODGE=[-0.493]
(1,2,4):DODGE=[-0.493]
(1,3,0):-1=[10.0]
(1,3,1):RECHARGE=[5.821]
(1,3,2):RECHARGE=[0.748]
(1,3,3):DODGE=[-0.493]
(1,3,4):DODGE=[-0.493]
(2,0,0):-1=[10.0]
(2,0,1):RECHARGE=[-0.247]
(2,0,2):RECHARGE=[-0.247]
(2,0,3):RECHARGE=[-0.247]
(2,0,4):RECHARGE=[-0.247]
(2,1,0):-1=[10.0]
(2,1,1):SHOOT=[4.58]
(2,1,2):RECHARGE=[-0.493]
(2,1,3):RECHARGE=[-0.493]
(2,1,4):RECHARGE=[-0.493]
(2,2,0):-1=[10.0]
(2,2,1):SHOOT=[6.97]
(2,2,2):SHOOT=[1.776]
(2,2,3):RECHARGE=[-0.735]
(2,2,4):RECHARGE=[-0.735]
(2,3,0):-1=[10.0]
(2,3,1):SHOOT=[7.382]
(2,3,2):SHOOT=[2.601]
(2,3,3):RECHARGE=[-0.322]
(2,3,4):RECHARGE=[-0.735]
iteration=10
(0,0,0):-1=[10.0]
(0,0,1):SHOOT=[-0.247]
(0,0,2):SHOOT=[-0.247]
(0,0,3):SHOOT=[-0.247]
(0,0,4):SHOOT=[-0.247]
(0,1,0):-1=[10.0]
(0,1,1):RECHARGE=[1.437]
(0,1,2):SHOOT=[-0.247]
(0,1,3):SHOOT=[-0.247]
(0,1,4):SHOOT=[-0.247]
(0,2,0):-1=[10.0]
(0,2,1):RECHARGE=[2.26]
(0,2,2):RECHARGE=[-0.247]
(0,2,3):SHOOT=[-0.247]
(0,2,4):SHOOT=[-0.247]
(0,3,0):-1=[10.0]
(0,3,1):RECHARGE=[2.661]
(0,3,2):RECHARGE=[-0.247]
(0,3,3):SHOOT=[-0.247]
(0,3,4):SHOOT=[-0.247]
(1,0,0):-1=[10.0]
(1,0,1):SHOOT=[-0.247]
(1,0,2):SHOOT=[-0.247]
(1,0,3):SHOOT=[-0.247]
(1,0,4):SHOOT=[-0.247]
(1,1,0):-1=[10.0]
(1,1,1):SHOOT=[4.58]
(1,1,2):DODGE=[-0.493]
(1,1,3):DODGE=[-0.493]
(1,1,4):DODGE=[-0.493]
(1,2,0):-1=[10.0]
(1,2,1):RECHARGE=[5.414]
(1,2,2):RECHARGE=[0.341]
(1,2,3):DODGE=[-0.493]
(1,2,4):DODGE=[-0.493]
(1,3,0):-1=[10.0]
(1,3,1):RECHARGE=[5.821]
(1,3,2):RECHARGE=[0.749]
(1,3,3):DODGE=[-0.493]
(1,3,4):DODGE=[-0.493]
(2,0,0):-1=[10.0]
(2,0,1):RECHARGE=[-0.247]
(2,0,2):RECHARGE=[-0.247]
(2,0,3):RECHARGE=[-0.247]
(2,0,4):RECHARGE=[-0.247]
(2,1,0):-1=[10.0]
(2,1,1):SHOOT=[4.58]
(2,1,2):RECHARGE=[-0.493]
(2,1,3):RECHARGE=[-0.493]
(2,1,4):RECHARGE=[-0.493]
(2,2,0):-1=[10.0]
(2,2,1):SHOOT=[6.97]
(2,2,2):SHOOT=[1.776]
(2,2,3):RECHARGE=[-0.735]
(2,2,4):RECHARGE=[-0.735]
(2,3,0):-1=[10.0]
(2,3,1):SHOOT=[7.382]
(2,3,2):SHOOT=[2.601]
(2,3,3):RECHARGE=[-0.322]
(2,3,4):RECHARGE=[-0.735]
iteration=11
(0,0,0):-1=[10.0]
(0,0,1):SHOOT=[-0.247]
(0,0,2):SHOOT=[-0.247]
(0,0,3):SHOOT=[-0.247]
(0,0,4):SHOOT=[-0.247]
(0,1,0):-1=[10.0]
(0,1,1):RECHARGE=[1.437]
(0,1,2):SHOOT=[-0.247]
(0,1,3):SHOOT=[-0.247]
(0,1,4):SHOOT=[-0.247]
(0,2,0):-1=[10.0]
(0,2,1):RECHARGE=[2.26]
(0,2,2):RECHARGE=[-0.247]
(0,2,3):SHOOT=[-0.247]
(0,2,4):SHOOT=[-0.247]
(0,3,0):-1=[10.0]
(0,3,1):RECHARGE=[2.662]
(0,3,2):RECHARGE=[-0.247]
(0,3,3):SHOOT=[-0.247]
(0,3,4):SHOOT=[-0.247]
(1,0,0):-1=[10.0]
(1,0,1):SHOOT=[-0.247]
(1,0,2):SHOOT=[-0.247]
(1,0,3):SHOOT=[-0.247]
(1,0,4):SHOOT=[-0.247]
(1,1,0):-1=[10.0]
(1,1,1):SHOOT=[4.58]
(1,1,2):DODGE=[-0.493]
(1,1,3):DODGE=[-0.493]
(1,1,4):DODGE=[-0.493]
(1,2,0):-1=[10.0]
(1,2,1):RECHARGE=[5.414]
(1,2,2):RECHARGE=[0.341]
(1,2,3):DODGE=[-0.493]
(1,2,4):DODGE=[-0.493]
(1,3,0):-1=[10.0]
(1,3,1):RECHARGE=[5.821]
(1,3,2):RECHARGE=[0.749]
(1,3,3):DODGE=[-0.493]
(1,3,4):DODGE=[-0.493]
(2,0,0):-1=[10.0]
(2,0,1):RECHARGE=[-0.247]
(2,0,2):RECHARGE=[-0.247]
(2,0,3):RECHARGE=[-0.247]
(2,0,4):RECHARGE=[-0.247]
(2,1,0):-1=[10.0]
(2,1,1):SHOOT=[4.58]
(2,1,2):RECHARGE=[-0.493]
(2,1,3):RECHARGE=[-0.493]
(2,1,4):RECHARGE=[-0.493]
(2,2,0):-1=[10.0]
(2,2,1):SHOOT=[6.97]
(2,2,2):SHOOT=[1.776]
(2,2,3):RECHARGE=[-0.735]
(2,2,4):RECHARGE=[-0.735]
(2,3,0):-1=[10.0]
(2,3,1):SHOOT=[7.382]
(2,3,2):SHOOT=[2.601]
(2,3,3):RECHARGE=[-0.322]
(2,3,4):RECHARGE=[-0.735]
iteration=12
(0,0,0):-1=[10.0]
(0,0,1):SHOOT=[-0.247]
(0,0,2):SHOOT=[-0.247]
(0,0,3):SHOOT=[-0.247]
(0,0,4):SHOOT=[-0.247]
(0,1,0):-1=[10.0]
(0,1,1):RECHARGE=[1.437]
(0,1,2):SHOOT=[-0.247]
(0,1,3):SHOOT=[-0.247]
(0,1,4):SHOOT=[-0.247]
(0,2,0):-1=[10.0]
(0,2,1):RECHARGE=[2.26]
(0,2,2):RECHARGE=[-0.247]
(0,2,3):SHOOT=[-0.247]
(0,2,4):SHOOT=[-0.247]
(0,3,0):-1=[10.0]
(0,3,1):RECHARGE=[2.663]
(0,3,2):RECHARGE=[-0.247]
(0,3,3):SHOOT=[-0.247]
(0,3,4):SHOOT=[-0.247]
(1,0,0):-1=[10.0]
(1,0,1):SHOOT=[-0.247]
(1,0,2):SHOOT=[-0.247]
(1,0,3):SHOOT=[-0.247]
(1,0,4):SHOOT=[-0.247]
(1,1,0):-1=[10.0]
(1,1,1):SHOOT=[4.58]
(1,1,2):DODGE=[-0.493]
(1,1,3):DODGE=[-0.493]
(1,1,4):DODGE=[-0.493]
(1,2,0):-1=[10.0]
(1,2,1):RECHARGE=[5.414]
(1,2,2):RECHARGE=[0.341]
(1,2,3):DODGE=[-0.493]
(1,2,4):DODGE=[-0.493]
(1,3,0):-1=[10.0]
(1,3,1):RECHARGE=[5.821]
(1,3,2):RECHARGE=[0.749]
(1,3,3):DODGE=[-0.493]
(1,3,4):DODGE=[-0.493]
(2,0,0):-1=[10.0]
(2,0,1):RECHARGE=[-0.247]
(2,0,2):RECHARGE=[-0.247]
(2,0,3):RECHARGE=[-0.247]
(2,0,4):RECHARGE=[-0.247]
(2,1,0):-1=[10.0]
(2,1,1):SHOOT=[4.58]
(2,1,2):RECHARGE=[-0.493]
(2,1,3):RECHARGE=[-0.493]
(2,1,4):RECHARGE=[-0.493]
(2,2,0):-1=[10.0]
(2,2,1):SHOOT=[6.97]
(2,2,2):SHOOT=[1.776]
(2,2,3):RECHARGE=[-0.735]
(2,2,4):RECHARGE=[-0.735]
(2,3,0):-1=[10.0]
(2,3,1):SHOOT=[7.382]
(2,3,2):SHOOT=[2.601]
(2,3,3):RECHARGE=[-0.322]
(2,3,4):RECHARGE=[-0.735]
