iteration=1
(0,0,0):-1=[10.0]
(0,0,1):RECHARGE=[-9.9]
(0,0,2):RECHARGE=[-9.9]
(0,0,3):RECHARGE=[-9.9]
(0,0,4):RECHARGE=[-9.9]
(0,1,0):-1=[10.0]
(0,1,1):RECHARGE=[-9.9]
(0,1,2):RECHARGE=[-9.9]
(0,1,3):RECHARGE=[-9.9]
(0,1,4):RECHARGE=[-9.9]
(0,2,0):-1=[10.0]
(0,2,1):RECHARGE=[-9.9]
(0,2,2):RECHARGE=[-9.9]
(0,2,3):RECHARGE=[-9.9]
(0,2,4):RECHARGE=[-9.9]
(0,3,0):-1=[10.0]
(0,3,1):RECHARGE=[-9.9]
(0,3,2):RECHARGE=[-9.9]
(0,3,3):RECHARGE=[-9.9]
(0,3,4):RECHARGE=[-9.9]
(1,0,0):-1=[10.0]
(1,0,1):RECHARGE=[-9.9]
(1,0,2):RECHARGE=[-9.9]
(1,0,3):RECHARGE=[-9.9]
(1,0,4):RECHARGE=[-9.9]
(1,1,0):-1=[10.0]
(1,1,1):SHOOT=[-4.95]
(1,1,2):RECHARGE=[-9.9]
(1,1,3):RECHARGE=[-9.9]
(1,1,4):RECHARGE=[-9.9]
(1,2,0):-1=[10.0]
(1,2,1):SHOOT=[-4.95]
(1,2,2):RECHARGE=[-9.9]
(1,2,3):RECHARGE=[-9.9]
(1,2,4):RECHARGE=[-9.9]
(1,3,0):-1=[10.0]
(1,3,1):SHOOT=[-4.95]
(1,3,2):RECHARGE=[-9.9]
(1,3,3):RECHARGE=[-9.9]
(1,3,4):RECHARGE=[-9.9]
(2,0,0):-1=[10.0]
(2,0,1):RECHARGE=[-9.9]
(2,0,2):RECHARGE=[-9.9]
(2,0,3):RECHARGE=[-9.9]
(2,0,4):RECHARGE=[-9.9]
(2,1,0):-1=[10.0]
(2,1,1):SHOOT=[-4.95]
(2,1,2):RECHARGE=[-9.9]
(2,1,3):RECHARGE=[-9.9]
(2,1,4):RECHARGE=[-9.9]
(2,2,0):-1=[10.0]
(2,2,1):SHOOT=[-4.95]
(2,2,2):RECHARGE=[-9.9]
(2,2,3):RECHARGE=[-9.9]
(2,2,4):RECHARGE=[-9.9]
(2,3,0):-1=[10.0]
(2,3,1):SHOOT=[-4.95]
(2,3,2):RECHARGE=[-9.9]
(2,3,3):RECHARGE=[-9.9]
(2,3,4):RECHARGE=[-9.9]
iteration=2
(0,0,0):-1=[10.0]
(0,0,1):SHOOT=[-9.9]
(0,0,2):SHOOT=[-9.9]
(0,0,3):SHOOT=[-9.9]
(0,0,4):SHOOT=[-9.9]
(0,1,0):-1=[10.0]
(0,1,1):SHOOT=[-9.9]
(0,1,2):SHOOT=[-9.9]
(0,1,3):SHOOT=[-9.9]
(0,1,4):SHOOT=[-9.9]
(0,2,0):-1=[10.0]
(0,2,1):SHOOT=[-9.9]
(0,2,2):SHOOT=[-9.9]
(0,2,3):SHOOT=[-9.9]
(0,2,4):SHOOT=[-9.9]
(0,3,0):-1=[10.0]
(0,3,1):SHOOT=[-9.9]
(0,3,2):SHOOT=[-9.9]
(0,3,3):SHOOT=[-9.9]
(0,3,4):SHOOT=[-9.9]
(1,0,0):-1=[10.0]
(1,0,1):SHOOT=[-9.9]
(1,0,2):SHOOT=[-9.9]
(1,0,3):SHOOT=[-9.9]
(1,0,4):SHOOT=[-9.9]
(1,1,0):-1=[10.0]
(1,1,1):SHOOT=[-9.85]
(1,1,2):DODGE=[-9.9]
(1,1,3):DODGE=[-9.9]
(1,1,4):DODGE=[-9.9]
(1,2,0):-1=[10.0]
(1,2,1):SHOOT=[-9.85]
(1,2,2):DODGE=[-9.9]
(1,2,3):DODGE=[-9.9]
(1,2,4):DODGE=[-9.9]
(1,3,0):-1=[10.0]
(1,3,1):SHOOT=[-9.85]
(1,3,2):DODGE=[-9.9]
(1,3,3):DODGE=[-9.9]
(1,3,4):DODGE=[-9.9]
(2,0,0):-1=[10.0]
(2,0,1):RECHARGE=[-9.9]
(2,0,2):RECHARGE=[-9.9]
(2,0,3):RECHARGE=[-9.9]
(2,0,4):RECHARGE=[-9.9]
(2,1,0):-1=[10.0]
(2,1,1):SHOOT=[-9.85]
(2,1,2):RECHARGE=[-9.9]
(2,1,3):RECHARGE=[-9.9]
(2,1,4):RECHARGE=[-9.9]
(2,2,0):-1=[10.0]
(2,2,1):SHOOT=[-7.4]
(2,2,2):RECHARGE=[-9.9]
(2,2,3):RECHARGE=[-9.9]
(2,2,4):RECHARGE=[-9.9]
(2,3,0):-1=[10.0]
(2,3,1):SHOOT=[-7.4]
(2,3,2):RECHARGE=[-9.9]
(2,3,3):RECHARGE=[-9.9]
(2,3,4):RECHARGE=[-9.9]
iteration=3
(0,0,0):-1=[10.0]
(0,0,1):SHOOT=[-9.9]
(0,0,2):SHOOT=[-9.9]
(0,0,3):SHOOT=[-9.9]
(0,0,4):SHOOT=[-9.9]
(0,1,0):-1=[10.0]
(0,1,1):SHOOT=[-9.9]
(0,1,2):SHOOT=[-9.9]
(0,1,3):SHOOT=[-9.9]
(0,1,4):SHOOT=[-9.9]
(0,2,0):-1=[10.0]
(0,2,1):SHOOT=[-9.9]
(0,2,2):SHOOT=[-9.9]
(0,2,3):SHOOT=[-9.9]
(0,2,4):SHOOT=[-9.9]
(0,3,0):-1=[10.0]
(0,3,1):SHOOT=[-9.9]
(0,3,2):SHOOT=[-9.9]
(0,3,3):SHOOT=[-9.9]
(0,3,4):SHOOT=[-9.9]
(1,0,0):-1=[10.0]
(1,0,1):SHOOT=[-9.9]
(1,0,2):SHOOT=[-9.9]
(1,0,3):SHOOT=[-9.9]
(1,0,4):SHOOT=[-9.9]
(1,1,0):-1=[10.0]
(1,1,1):SHOOT=[-9.85]
(1,1,2):DODGE=[-9.9]
(1,1,3):DODGE=[-9.9]
(1,1,4):DODGE=[-9.9]
(1,2,0):-1=[10.0]
(1,2,1):SHOOT=[-9.85]
(1,2,2):DODGE=[-9.9]
(1,2,3):DODGE=[-9.9]
(1,2,4):DODGE=[-9.9]
(1,3,0):-1=[10.0]
(1,3,1):SHOOT=[-9.85]
(1,3,2):DODGE=[-9.9]
(1,3,3):DODGE=[-9.9]
(1,3,4):DODGE=[-9.9]
(2,0,0):-1=[10.0]
(2,0,1):RECHARGE=[-9.9]
(2,0,2):RECHARGE=[-9.9]
(2,0,3):RECHARGE=[-9.9]
(2,0,4):RECHARGE=[-9.9]
(2,1,0):-1=[10.0]
(2,1,1):SHOOT=[-9.85]
(2,1,2):RECHARGE=[-9.9]
(2,1,3):RECHARGE=[-9.9]
(2,1,4):RECHARGE=[-9.9]
(2,2,0):-1=[10.0]
(2,2,1):SHOOT=[-9.826]
(2,2,2):RECHARGE=[-9.9]
(2,2,3):RECHARGE=[-9.9]
(2,2,4):RECHARGE=[-9.9]
(2,3,0):-1=[10.0]
(2,3,1):SHOOT=[-9.826]
(2,3,2):RECHARGE=[-9.9]
(2,3,3):RECHARGE=[-9.9]
(2,3,4):RECHARGE=[-9.9]
iteration=4
(0,0,0):-1=[10.0]
(0,0,1):SHOOT=[-9.9]
(0,0,2):SHOOT=[-9.9]
(0,0,3):SHOOT=[-9.9]
(0,0,4):SHOOT=[-9.9]
(0,1,0):-1=[10.0]
(0,1,1):SHOOT=[-9.9]
(0,1,2):SHOOT=[-9.9]
(0,1,3):SHOOT=[-9.9]
(0,1,4):SHOOT=[-9.9]
(0,2,0):-1=[10.0]
(0,2,1):SHOOT=[-9.9]
(0,2,2):SHOOT=[-9.9]
(0,2,3):SHOOT=[-9.9]
(0,2,4):SHOOT=[-9.9]
(0,3,0):-1=[10.0]
(0,3,1):SHOOT=[-9.9]
(0,3,2):SHOOT=[-9.9]
(0,3,3):SHOOT=[-9.9]
(0,3,4):SHOOT=[-9.9]
(1,0,0):-1=[10.0]
(1,0,1):SHOOT=[-9.9]
(1,0,2):SHOOT=[-9.9]
(1,0,3):SHOOT=[-9.9]
(1,0,4):SHOOT=[-9.9]
(1,1,0):-1=[10.0]
(1,1,1):SHOOT=[-9.85]
(1,1,2):DODGE=[-9.9]
(1,1,3):DODGE=[-9.9]
(1,1,4):DODGE=[-9.9]
(1,2,0):-1=[10.0]
(1,2,1):SHOOT=[-9.85]
(1,2,2):DODGE=[-9.9]
(1,2,3):DODGE=[-9.9]
(1,2,4):DODGE=[-9.9]
(1,3,0):-1=[10.0]
(1,3,1):SHOOT=[-9.85]
(1,3,2):DODGE=[-9.9]
(1,3,3):DODGE=[-9.9]
(1,3,4):DODGE=[-9.9]
(2,0,0):-1=[10.0]
(2,0,1):RECHARGE=[-9.9]
(2,0,2):RECHARGE=[-9.9]
(2,0,3):RECHARGE=[-9.9]
(2,0,4):RECHARGE=[-9.9]
(2,1,0):-1=[10.0]
(2,1,1):SHOOT=[-9.85]
(2,1,2):RECHARGE=[-9.9]
(2,1,3):RECHARGE=[-9.9]
(2,1,4):RECHARGE=[-9.9]
(2,2,0):-1=[10.0]
(2,2,1):SHOOT=[-9.826]
(2,2,2):RECHARGE=[-9.9]
(2,2,3):RECHARGE=[-9.9]
(2,2,4):RECHARGE=[-9.9]
(2,3,0):-1=[10.0]
(2,3,1):SHOOT=[-9.826]
(2,3,2):RECHARGE=[-9.9]
(2,3,3):RECHARGE=[-9.9]
(2,3,4):RECHARGE=[-9.9]
